174 4 1 0 0 0 1 0 0 18 0 0 1 0 0
3 288 0 0 0 0 0 0 0 3 0 1 0 0 0
0 1 195 0 0 0 1 0 0 2 0 0 0 0 1
0 1 62 70 2 0 0 31 0 6 4 8 1 0 15
0 16 1 0 7 0 0 0 0 1 0 3 0 1 1
0 0 1 0 0 344 41 7 0 6 0 9 17 0 0
5 2 8 11 0 2 120 24 0 10 3 7 5 0 3
5 8 31 9 0 1 41 266 6 2 3 3 3 0 3
1 1 0 0 0 0 0 2 127 41 0 0 0 17 1
4 5 19 0 0 1 2 2 11 301 0 1 1 3 4
0 1 0 0 0 0 0 0 0 0 144 57 2 29 102
0 1 0 0 0 0 0 0 1 10 1 132 0 9 126
2 0 0 0 0 1 1 0 2 0 8 1 626 0 0
0 0 0 0 0 0 0 0 2 20 0 0 0 48 4
0 0 0 0 0 0 0 0 0 0 0 0 0 0 318
